30 18 23 29 27 26 22 10 29 30 24 15 23 16 17 
18 23 24 28 28 19 19 27 16 29 23 22 15 30 18 
18 22 18 19 10 14 15 17 14 13 27 28 21 19 22 
12 10 14 18 11 21 18 17 28 13 17 18 28 29 11 
20 21 24 25 25 23 20 27 17 20 30 22 24 19 20 
30 22 10 22 30 25 12 28 14 13 27 20 15 18 26 
28 25 24 14 24 23 21 13 28 24 13 24 29 16 13 
28 22 27 15 10 12 27 12 14 22 22 12 22 25 16 
14 28 15 19 21 18 19 23 30 29 18 26 25 20 11 
17 16 24 20 28 11 12 22 19 24 15 26 24 18 13 
27 29 27 20 22 30 28 30 19 27 11 27 19 30 12 
25 11 19 21 21 11 18 18 26 28 28 16 25 22 29 
17 19 21 14 10 18 22 18 14 15 21 14 25 23 30 
16 19 12 17 11 18 24 24 10 30 30 23 24 23 10 
18 14 16 27 26 15 13 20 16 10 20 22 29 21 24 
10 28 13 10 24 24 24 27 18 26 14 28 28 26 17 
21 18 14 15 30 27 22 29 14 13 21 19 27 10 10 
18 17 24 27 30 17 13 19 19 30 25 21 13 14 18 
18 10 14 18 24 12 27 21 13 20 21 19 13 13 19 
11 14 11 21 26 29 20 25 16 14 30 21 22 27 21
